year,cement_co2,co2,coal_co2,flaring_co2,gas_co2,land_use_change_co2,oil_co2,other_industry_co2
1880-01-01,0.0,853.705,838.34,256.3095555555556,1814.698707142857,3100.721,15.364,82.06957627118645
1881-01-01,0.0,882.405,865.162,256.3095555555556,1814.698707142857,3096.935,17.242,82.06957627118645
1882-01-01,0.0,931.922,912.817,256.3095555555556,0.165,3159.833,18.939,82.06957627118645
1883-01-01,0.0,991.032,974.149,256.3095555555556,0.381,3220.534,16.502,82.06957627118645
1884-01-01,0.0,1002.174,982.679,256.3095555555556,1.172,3240.197,18.323,82.06957627118645
1885-01-01,0.0,1009.671,986.996,256.3095555555556,3.715,3243.862,18.959,82.06957627118645
1886-01-01,0.0,1025.475,995.975,256.3095555555556,7.676,3272.074,21.824,82.06957627118645
1887-01-01,0.001,1076.758,1041.488,256.3095555555556,11.787,3325.813,23.482,82.06957627118645
1888-01-01,0.001,1192.272,1150.917,256.3095555555556,16.774,3324.103,24.581,82.06957627118645
1889-01-01,0.001,1191.8,1151.165,256.3095555555556,12.227,3345.72,28.407,82.06957627118645
1890-01-01,0.001,1298.458,1252.118,256.3095555555556,11.688,3466.632,34.651,82.06957627118645
1891-01-01,0.001,1358.874,1309.094,256.3095555555556,8.947,3563.851,40.832,82.06957627118645
1892-01-01,0.001,1370.088,1322.106,256.3095555555556,7.775,3599.147,40.207,82.06957627118645
1893-01-01,0.001,1353.669,1303.833,256.3095555555556,7.288,3667.42,42.547,82.06957627118645
1894-01-01,0.001,1400.858,1352.458,256.3095555555556,6.698,3702.838,41.702,82.06957627118645
1895-01-01,0.001,1485.273,1429.691,256.3095555555556,7.042,3743.387,48.539,82.06957627118645
1896-01-01,0.001,1533.701,1474.281,256.3095555555556,6.848,3776.607,52.571,82.06957627118645
1897-01-01,0.001,1606.301,1543.481,256.3095555555556,7.288,3814.835,55.531,82.06957627118645
1898-01-01,0.001,1694.266,1628.632,256.3095555555556,8.46,3845.979,57.173,82.06957627118645
1899-01-01,0.001,1850.798,1779.86,256.3095555555556,10.904,3887.748,60.032,82.06957627118645
1900-01-01,0.001,1952.209,1873.357,256.3095555555556,11.542,4002.798,67.31,82.06957627118645
1901-01-01,0.002,2016.744,1929.132,256.3095555555556,12.861,4052.018,74.75,82.06957627118645
1902-01-01,0.002,2067.684,1973.178,256.3095555555556,13.696,4117.237,80.808,82.06957627118645
1903-01-01,0.003,2254.095,2154.003,256.3095555555556,14.528,4129.938,85.562,82.06957627118645
1904-01-01,0.003,2279.749,2166.664,256.3095555555556,15.165,4192.959,96.083,1.834
1905-01-01,0.004,2427.313,2311.143,256.3095555555556,17.17,4228.622,97.017,1.98
1906-01-01,0.004,2534.734,2415.683,256.3095555555556,19.027,4243.767,97.893,2.127
1907-01-01,0.005,2888.308,2746.956,256.3095555555556,19.877,4281.506,119.416,2.054
1908-01-01,0.115,2776.404,2626.02,256.3095555555556,19.676,4313.627,128.759,1.834
1909-01-01,0.116,2890.468,2730.134,256.3095555555556,23.523,4339.153,134.349,2.347
1910-01-01,0.135,3033.82,2862.583,256.3095555555556,24.915,4319.245,143.839,2.347
1911-01-01,0.148,3079.215,2898.529,256.3095555555556,25.718,4311.062,152.546,2.274
1912-01-01,0.177,3235.538,3047.94,256.3095555555556,28.315,4247.797,156.759,2.347
1913-01-01,0.203,3505.865,3292.07,256.3095555555556,29.598,4233.752,181.575,2.421
1914-01-01,0.147,3179.912,2961.773,256.3095555555556,30.136,4227.523,185.583,2.274
1915-01-01,0.16,3134.378,2902.827,256.3095555555556,31.866,4183.311,197.104,2.421
1916-01-01,0.181,3385.277,3129.373,256.3095555555556,38.377,4129.572,214.632,2.714
1917-01-01,0.148,3539.853,3257.893,256.3095555555556,40.509,4129.938,238.808,2.494
1918-01-01,0.12,3492.84,3209.469,256.3095555555556,36.519,4149.846,244.605,2.127
1919-01-01,0.125,3028.56,2715.321,256.3095555555556,37.948,4122.244,272.966,2.201
1920-01-01,0.149,3521.062,3125.927,256.3095555555556,41.685,4257.202,350.954,2.347
1921-01-01,0.13,3089.464,2668.397,256.3095555555556,34.992,4366.633,384.258,1.687
1922-01-01,0.193,3239.736,2770.67,256.3095555555556,40.107,4422.326,426.345,2.421
1923-01-01,0.208,3675.398,3146.423,256.3095555555556,52.526,4433.685,473.527,2.714
1924-01-01,0.216,3686.099,3152.649,256.3095555555556,59.709,4463.607,470.812,2.714
1925-01-01,14.429,3725.637,3151.418,256.3095555555556,63.922,4519.666,492.787,3.081
1926-01-01,14.74,3659.297,3081.757,256.3095555555556,69.144,4507.086,490.648,3.007
1927-01-01,15.448,3993.754,3361.539,256.3095555555556,76.017,4519.544,537.816,2.934
1928-01-01,35.616,3976.071,3305.359,256.3095555555556,82.623,4537.009,549.539,2.934
1929-01-01,36.873,4267.657,3522.251,256.3095555555556,102.894,4543.116,602.778,2.861
1930-01-01,35.561,3934.73,3214.073,256.3095555555556,104.224,4566.443,578.598,2.274
1931-01-01,30.931,3516.94,2830.54,256.3095555555556,92.887,4627.876,560.749,1.834
1932-01-01,24.721,3170.801,2519.949,256.3095555555556,88.218,4681.126,536.592,1.32
1933-01-01,23.866,3338.349,2635.637,256.3095555555556,90.917,4707.629,586.389,1.54
1934-01-01,28.542,3630.765,2878.248,256.3095555555556,101.949,4741.948,620.413,1.614
1935-01-01,32.09,3811.112,2996.885,256.3095555555556,111.372,4741.948,668.785,1.98
1936-01-01,38.763,4181.088,3285.172,256.3095555555556,125.529,4773.459,729.131,2.494
1937-01-01,40.829,4469.369,3463.736,256.3095555555556,140.574,4777.856,821.516,2.714
1938-01-01,38.551,4201.28,3228.046,256.3095555555556,135.493,4806.191,796.989,2.201
1939-01-01,35.687,4445.443,3435.326,256.3095555555556,141.328,4813.03,830.241,2.861
1940-01-01,31.431,4854.658,3794.017,256.3095555555556,153.515,5018.093,872.467,3.227
1941-01-01,43.293,4965.649,3884.161,256.3095555555556,153.463,5169.171,880.697,4.034
1942-01-01,38.376,4953.624,3909.448,256.3095555555556,166.049,5201.415,835.716,4.034
1943-01-01,34.81,5035.077,3925.039,256.3095555555556,182.9,5216.803,888.001,4.328
1944-01-01,22.664,5110.656,3867.923,256.3095555555556,197.601,5214.971,1018.141,4.328
1945-01-01,22.991,4250.264,2998.27,256.3095555555556,216.697,5183.338,1008.345,3.961
1946-01-01,36.33,4638.339,3234.314,256.3095555555556,223.834,5167.095,1139.899,3.961
1947-01-01,43.192,5138.49,3621.548,256.3095555555556,247.888,5114.456,1221.313,4.548
1948-01-01,51.684,5415.709,3739.455,256.3095555555556,280.122,5062.304,1339.607,4.841
1949-01-01,58.264,5245.849,3546.31,256.3095555555556,300.454,5001.237,1336.641,4.181
1950-01-01,66.979,6003.272,3856.215,73.624,353.156,5425.163,1648.31,4.988
1951-01-01,75.839,6379.796,4060.04,79.875,416.186,5599.081,1742.354,5.501
1952-01-01,80.841,6465.727,4009.059,85.364,447.085,5724.389,1838.024,5.355
1953-01-01,89.628,6647.763,4043.705,81.348,474.527,5832.111,1952.1,6.455
1954-01-01,97.231,6789.969,4039.512,77.612,501.35,6003.708,2068.543,5.721
1955-01-01,107.566,7443.244,4372.781,96.836,547.229,6185.564,2311.864,6.968
1956-01-01,116.624,7924.253,4597.137,108.174,587.229,6390.993,2508.048,7.042
1957-01-01,122.61,8185.547,4681.798,106.386,646.666,6582.621,2621.266,6.822
1958-01-01,129.775,8417.624,4754.382,95.115,705.825,6774.98,2726.365,6.161
1959-01-01,145.336,8856.221,4948.027,91.694,758.226,7104.252,2904.649,8.289
1960-01-01,157.493,9387.668,5152.558,89.14,834.527,6568.086,3126.444,27.507
1961-01-01,164.229,9418.46,4943.284,86.218,882.007,6106.056,3313.503,29.219
1962-01-01,176.443,9751.06,4928.785,85.931,967.683,5892.689,3561.94,30.277
1963-01-01,186.06,10271.655,5109.542,90.506,1046.822,5652.575,3806.973,31.751
1964-01-01,206.22,10829.612,5215.19,112.792,1152.86,5475.726,4107.569,34.98
1965-01-01,216.49,11317.596,5293.218,130.443,1230.538,5066.701,4412.375,34.532
1966-01-01,233.053,11866.934,5351.301,144.566,1339.839,4847.716,4761.953,36.221
1967-01-01,239.908,12244.029,5266.113,190.783,1432.946,4924.904,5077.08,37.2
1968-01-01,255.398,12910.892,5323.236,203.8,1559.571,4977.422,5530.292,38.593
1969-01-01,270.791,13767.398,5521.839,244.035,1708.518,4665.982,5980.509,41.708
1970-01-01,288.411,14898.716,5696.271,277.745,1790.679,4598.686,6801.259,44.35
1971-01-01,303.345,15505.496,5699.823,321.427,1933.313,4585.863,7202.926,44.661
1972-01-01,321.547,16228.729,5693.585,346.87,2052.041,4590.503,7766.614,48.072
1973-01-01,340.512,17086.193,5862.085,402.142,2203.89,4447.608,8225.938,51.627
1974-01-01,341.033,17017.477,5865.81,391.347,2258.999,4320.955,8107.899,52.388
1975-01-01,339.117,17054.627,6037.091,336.685,2255.543,4370.053,8039.023,47.169
1976-01-01,354.146,17991.887,6263.989,395.391,2386.85,4304.834,8541.493,50.017
1977-01-01,370.868,18502.846,6417.698,381.443,2441.085,4407.181,8842.06,49.692
1978-01-01,394.692,19077.193,6531.792,390.15,2550.346,4223.371,9159.137,51.076
1979-01-01,399.877,19618.463,6840.287,360.13,2688.997,4059.468,9276.707,52.464
1980-01-01,402.62,19501.264,7024.129,316.436,2758.101,4084.627,8951.775,48.202
1981-01-01,402.748,19036.117,7004.883,237.163,2794.347,4391.792,8550.305,46.672
1982-01-01,400.937,18884.486,7126.512,235.575,2731.273,4408.892,8345.176,45.013
1983-01-01,409.877,19006.539,7314.19,212.847,2760.542,4804.848,8260.815,48.269
1984-01-01,417.703,19664.754,7668.797,186.751,3010.426,5306.083,8328.841,52.236
1985-01-01,422.772,20325.486,8217.823,181.447,3121.401,5080.38,8326.771,55.272
1986-01-01,440.349,20627.359,8335.814,169.668,3045.544,5116.653,8576.334,59.649
1987-01-01,459.192,21273.904,8617.361,163.007,3305.28,5112.868,8654.659,74.406
1988-01-01,483.609,22107.795,8910.819,185.509,3466.022,5058.519,8972.672,89.163
1989-01-01,493.5,22410.402,8909.616,150.68,3639.817,4868.846,9130.08,86.709
1990-01-01,493.854,22757.48,8688.659,267.859,3833.133,4877.272,9249.362,224.611
1991-01-01,507.751,23244.807,8604.035,282.965,3909.677,4757.215,9723.43,216.948
1992-01-01,528.942,22580.023,8399.007,250.482,3958.12,4890.708,9226.139,217.334
1993-01-01,551.512,22812.9,8500.946,244.056,4067.061,4876.417,9232.772,216.552
1994-01-01,588.461,22969.498,8548.629,248.054,4102.083,5295.823,9265.657,216.615
1995-01-01,622.443,23458.713,8793.981,244.935,4209.968,5288.251,9363.846,223.54
1996-01-01,635.312,24159.383,9015.794,247.175,4395.992,5285.076,9643.209,221.901
1997-01-01,661.232,24302.584,8967.54,250.794,4412.478,7104.863,9786.86,223.678
1998-01-01,658.611,24213.26,8725.984,240.252,4484.475,5486.718,9883.467,220.47
1999-01-01,691.01,24732.389,8855.188,232.748,4621.802,5489.038,10112.427,219.213
2000-01-01,721.927,25453.623,9203.117,278.928,4731.291,5115.921,10302.091,216.267
2001-01-01,754.332,25668.049,9255.257,281.128,4773.585,4739.018,10390.669,213.078
2002-01-01,796.052,26281.037,9678.959,298.554,4905.854,5177.232,10385.864,215.754
2003-01-01,852.253,27651.596,10518.464,299.376,5081.468,5652.819,10679.654,220.382
2004-01-01,910.566,28636.695,10871.584,323.803,5257.19,5362.264,11042.505,231.047
2005-01-01,964.306,29614.602,11543.335,345.094,5380.666,4716.667,11139.399,241.802
2006-01-01,1051.669,30593.117,12188.84,346.86,5506.809,5073.296,11246.321,252.617
2007-01-01,1129.389,31506.789,12776.36,363.985,5694.134,4436.982,11283.665,259.255
2008-01-01,1143.738,32085.836,13192.797,374.074,5864.291,4643.021,11251.325,259.611
2009-01-01,1175.73,31564.031,13016.428,379.402,5751.954,5033.726,10996.948,243.568
2010-01-01,1254.878,33364.348,13926.621,381.65,6195.344,4837.702,11359.883,245.971
2011-01-01,1349.8,34487.012,14737.126,370.28,6366.902,4964.109,11388.086,274.819
2012-01-01,1384.57,35006.27,14922.76,380.351,6500.594,4826.954,11541.707,276.285
2013-01-01,1444.086,35319.203,15024.486,387.535,6542.527,4628.121,11626.445,294.121
2014-01-01,1499.912,35577.535,15051.513,387.902,6654.555,4917.699,11678.782,304.87
2015-01-01,1444.436,35558.566,14710.088,383.534,6788.074,5385.714,11929.665,302.769
2016-01-01,1487.617,35524.191,14360.605,378.385,6973.649,4527.849,12023.833,300.104
2017-01-01,1507.923,36096.738,14506.974,391.992,7144.928,4331.947,12242.628,302.294
2018-01-01,1569.218,36826.508,14746.831,412.116,7529.847,4181.356,12266.017,302.479
2019-01-01,1617.507,37082.559,14725.978,439.254,7647.528,4557.283,12345.653,306.639
2020-01-01,1637.537,37103.2055,14174.564,407.584,7556.29,4057.758,11191.809,296.302
2021-01-01,1672.592,37123.852,14979.598,416.526,7921.83,3939.044,11837.159,296.146
